fs=96000 pass<=20000 stop>=76000 fc=fs/2
  T  interp     L  beta | THD+N worst    @10k     @1k |  passband min/max dB | stopband | table KiB
 32 hermite    32  10.0 |      -107.6  -112.1  -113.4 |  -0.00000/ +0.00004 |   -108.8 |     8.2
 32 hermite    32  12.0 |      -124.5  -126.1  -128.9 |  -0.00000/ +0.00000 |   -124.5 |     8.2
 32 hermite    32  13.0 |      -131.0  -132.9  -136.8 |  -0.00000/ +0.00000 |   -132.5 |     8.2
 32 hermite    32  14.0 |      -136.7  -140.1  -144.3 |  -0.00000/ +0.00000 |   -140.6 |     8.2
 32 hermite    32  16.0 |      -149.2  -150.6  -150.7 |  -0.00000/ +0.00000 |   -156.9 |     8.2
 48 hermite    32  10.0 |      -111.2  -113.9  -115.9 |  -0.00000/ +0.00004 |   -113.3 |    12.4
 48 hermite    32  12.0 |      -128.3  -135.3  -131.9 |  -0.00000/ +0.00000 |   -129.1 |    12.4
 48 hermite    32  13.0 |      -136.7  -145.3  -139.7 |  -0.00000/ +0.00000 |   -137.1 |    12.4
 48 hermite    32  14.0 |      -143.6  -150.4  -146.8 |  -0.00000/ +0.00000 |   -145.1 |    12.4
 48 hermite    32  16.0 |      -150.8  -151.5  -151.9 |  -0.00000/ -0.00000 |   -160.5 |    12.4
 64 hermite    32  10.0 |      -112.8  -115.1  -116.4 |  -0.00000/ +0.00004 |   -116.2 |    16.5
 64 hermite    32  12.0 |      -129.9  -132.1  -133.7 |  -0.00000/ +0.00000 |   -132.3 |    16.5
 64 hermite    32  13.0 |      -138.7  -141.0  -142.3 |  -0.00000/ +0.00000 |   -140.4 |    16.5
 64 hermite    32  14.0 |      -145.6  -148.0  -148.8 |  -0.00000/ +0.00000 |   -147.9 |    16.5
 64 hermite    32  16.0 |      -151.1  -151.2  -151.5 |  +0.00000/ +0.00000 |   -163.9 |    16.5
