fs=48000 pass<=20000 stop>=28000 fc=fs/2
  T  interp     L  beta | THD+N worst    @10k     @1k |  passband min/max dB | stopband | table KiB
 32  linear   256  10.0 |       -56.5  -110.5  -112.4 |  -0.01308/ +0.00005 |    -56.5 |    32.1
 32  linear   512  10.0 |       -56.5  -110.9  -112.4 |  -0.01302/ +0.00010 |    -56.5 |    64.1
 32  linear  1024  10.0 |       -56.5  -110.9  -112.4 |  -0.01301/ +0.00011 |    -56.5 |   128.1
 32 hermite    32  10.0 |       -56.5  -110.9  -112.4 |  -0.01300/ +0.00011 |    -56.5 |     8.2
 32 hermite    64  10.0 |       -56.5  -110.9  -112.4 |  -0.01300/ +0.00011 |    -56.5 |    16.2
 32 hermite   128  10.0 |       -56.5  -110.9  -112.4 |  -0.01300/ +0.00011 |    -56.5 |    32.2
 32  linear   256  12.0 |       -46.1  -120.2  -128.9 |  -0.04306/ +0.00000 |    -46.2 |    32.1
 32  linear   512  12.0 |       -46.1  -129.4  -128.9 |  -0.04300/ +0.00000 |    -46.2 |    64.1
 32  linear  1024  12.0 |       -46.1  -131.5  -128.9 |  -0.04299/ +0.00001 |    -46.2 |   128.1
 32 hermite    32  12.0 |       -46.1  -131.7  -128.9 |  -0.04298/ +0.00001 |    -46.2 |     8.2
 32 hermite    64  12.0 |       -46.1  -131.6  -128.9 |  -0.04298/ +0.00001 |    -46.2 |    16.2
 32 hermite   128  12.0 |       -46.1  -131.7  -128.9 |  -0.04298/ +0.00001 |    -46.2 |    32.2
 32  linear   256  13.0 |       -42.8  -120.3  -135.2 |  -0.06281/ -0.00000 |    -42.9 |    32.1
 32  linear   512  13.0 |       -42.8  -130.2  -135.3 |  -0.06275/ -0.00000 |    -42.9 |    64.1
 32  linear  1024  13.0 |       -42.8  -132.9  -135.3 |  -0.06274/ +0.00000 |    -42.9 |   128.1
 32 hermite    32  13.0 |       -42.8  -132.6  -134.9 |  -0.06274/ +0.00000 |    -42.9 |     8.2
 32 hermite    64  13.0 |       -42.8  -132.8  -135.1 |  -0.06274/ +0.00000 |    -42.9 |    16.2
 32 hermite   128  13.0 |       -42.8  -132.9  -135.3 |  -0.06274/ +0.00000 |    -42.9 |    32.2
 32  linear   256  14.0 |       -40.1  -120.4  -141.1 |  -0.08506/ -0.00000 |    -40.3 |    32.1
 32  linear   512  14.0 |       -40.1  -132.0  -141.1 |  -0.08501/ -0.00000 |    -40.3 |    64.1
 32  linear  1024  14.0 |       -40.1  -137.2  -141.2 |  -0.08499/ -0.00000 |    -40.3 |   128.1
 32 hermite    32  14.0 |       -40.1  -136.9  -140.5 |  -0.08499/ +0.00000 |    -40.3 |     8.2
 32 hermite    64  14.0 |       -40.1  -137.1  -140.9 |  -0.08499/ +0.00000 |    -40.3 |    16.2
 32 hermite   128  14.0 |       -40.1  -137.2  -141.0 |  -0.08499/ +0.00000 |    -40.3 |    32.2
 32  linear   256  16.0 |       -36.1  -120.5  -149.6 |  -0.13535/ +0.00000 |    -36.2 |    32.1
 32  linear   512  16.0 |       -36.1  -133.4  -150.1 |  -0.13529/ +0.00000 |    -36.2 |    64.1
 32  linear  1024  16.0 |       -36.1  -147.1  -150.1 |  -0.13528/ +0.00000 |    -36.2 |   128.1
 32 hermite    32  16.0 |       -36.1  -149.3  -149.8 |  -0.13527/ +0.00000 |    -36.2 |     8.2
 32 hermite    64  16.0 |       -36.1  -148.7  -149.5 |  -0.13527/ +0.00000 |    -36.2 |    16.2
 32 hermite   128  16.0 |       -36.1  -148.3  -149.7 |  -0.13527/ +0.00000 |    -36.2 |    32.2
 48  linear   256  10.0 |      -100.0  -120.3  -113.9 |  -0.00010/ +0.00004 |   -101.2 |    48.2
 48  linear   512  10.0 |      -100.5  -130.0  -113.9 |  -0.00005/ +0.00007 |   -101.2 |    96.2
 48  linear  1024  10.0 |      -100.6  -132.5  -113.9 |  -0.00004/ +0.00009 |   -101.2 |   192.2
 48 hermite    32  10.0 |      -100.6  -132.5  -113.9 |  -0.00004/ +0.00009 |   -101.2 |    12.4
 48 hermite    64  10.0 |      -100.6  -132.4  -113.9 |  -0.00004/ +0.00009 |   -101.2 |    24.4
 48 hermite   128  10.0 |      -100.6  -132.6  -113.9 |  -0.00004/ +0.00009 |   -101.2 |    48.4
 48  linear   256  12.0 |      -108.0  -120.4  -134.8 |  -0.00008/ +0.00000 |   -118.3 |    48.2
 48  linear   512  12.0 |      -116.2  -131.5  -134.8 |  -0.00003/ +0.00000 |   -118.3 |    96.2
 48  linear  1024  12.0 |      -117.8  -135.8  -134.9 |  -0.00001/ +0.00001 |   -118.3 |   192.2
 48 hermite    32  12.0 |      -117.8  -135.6  -134.7 |  -0.00001/ +0.00001 |   -118.3 |    12.4
 48 hermite    64  12.0 |      -117.8  -135.7  -134.8 |  -0.00001/ +0.00001 |   -118.3 |    24.4
 48 hermite   128  12.0 |      -117.8  -135.7  -134.8 |  -0.00001/ +0.00001 |   -118.3 |    48.4
 48  linear   256  13.0 |      -102.0  -120.5  -146.0 |  -0.00014/ +0.00000 |   -103.3 |    48.2
 48  linear   512  13.0 |      -103.0  -132.7  -146.0 |  -0.00008/ +0.00000 |   -103.3 |    96.2
 48  linear  1024  13.0 |      -103.1  -140.2  -146.2 |  -0.00007/ +0.00000 |   -103.3 |   192.2
 48 hermite    32  13.0 |      -103.1  -140.5  -145.2 |  -0.00006/ +0.00000 |   -103.3 |    12.4
 48 hermite    64  13.0 |      -103.1  -140.5  -145.2 |  -0.00006/ +0.00000 |   -103.3 |    24.4
 48 hermite   128  13.0 |      -103.1  -140.6  -146.2 |  -0.00006/ +0.00000 |   -103.3 |    48.4
 48  linear   256  14.0 |       -86.8  -120.5  -150.0 |  -0.00047/ +0.00000 |    -87.0 |    48.2
 48  linear   512  14.0 |       -86.9  -133.2  -150.4 |  -0.00041/ +0.00000 |    -87.0 |    96.2
 48  linear  1024  14.0 |       -86.9  -144.8  -150.4 |  -0.00040/ +0.00000 |    -87.0 |   192.2
 48 hermite    32  14.0 |       -86.9  -146.2  -151.4 |  -0.00040/ +0.00000 |    -87.0 |    12.4
 48 hermite    64  14.0 |       -86.9  -145.8  -150.8 |  -0.00039/ +0.00000 |    -87.0 |    24.4
 48 hermite   128  14.0 |       -86.9  -145.7  -150.3 |  -0.00039/ +0.00000 |    -87.0 |    48.4
 48  linear   256  16.0 |       -71.4  -120.5  -150.9 |  -0.00242/ -0.00000 |    -71.5 |    48.2
 48  linear   512  16.0 |       -71.4  -133.4  -151.8 |  -0.00236/ -0.00000 |    -71.5 |    96.2
 48  linear  1024  16.0 |       -71.4  -148.4  -151.4 |  -0.00235/ -0.00000 |    -71.5 |   192.2
 48 hermite    32  16.0 |       -71.4  -150.9  -151.8 |  -0.00234/ -0.00000 |    -71.5 |    12.4
 48 hermite    64  16.0 |       -71.4  -150.9  -151.7 |  -0.00234/ +0.00000 |    -71.5 |    24.4
 48 hermite   128  16.0 |       -71.4  -151.3  -151.6 |  -0.00234/ +0.00000 |    -71.5 |    48.4
 56  linear   256  10.0 |      -102.0  -115.4  -114.9 |  -0.00011/ +0.00004 |   -102.4 |    56.2
 56  linear   512  10.0 |      -102.8  -116.8  -114.9 |  -0.00006/ +0.00005 |   -102.4 |   112.2
 56  linear  1024  10.0 |      -102.8  -116.9  -114.9 |  -0.00004/ +0.00006 |   -102.4 |   224.2
 56 hermite    32  10.0 |      -102.8  -116.9  -114.9 |  -0.00004/ +0.00006 |   -102.4 |    14.4
 56 hermite    64  10.0 |      -102.8  -116.9  -114.9 |  -0.00004/ +0.00006 |   -102.4 |    28.4
 56 hermite   128  10.0 |      -102.8  -116.9  -114.9 |  -0.00004/ +0.00006 |   -102.4 |    56.4
 56  linear   256  12.0 |      -108.2  -120.3  -133.6 |  -0.00008/ +0.00000 |   -119.6 |    56.2
 56  linear   512  12.0 |      -117.1  -130.4  -133.6 |  -0.00002/ +0.00000 |   -119.6 |   112.2
 56  linear  1024  12.0 |      -119.0  -133.2  -133.7 |  -0.00001/ +0.00001 |   -119.6 |   224.2
 56 hermite    32  12.0 |      -119.0  -133.4  -133.4 |  -0.00001/ +0.00001 |   -119.6 |    14.4
 56 hermite    64  12.0 |      -119.0  -133.3  -133.5 |  -0.00001/ +0.00001 |   -119.6 |    28.4
 56 hermite   128  12.0 |      -119.0  -133.3  -133.5 |  -0.00001/ +0.00001 |   -119.6 |    56.4
 56  linear   256  13.0 |      -108.4  -120.5  -142.9 |  -0.00008/ +0.00000 |   -128.1 |    56.2
 56  linear   512  13.0 |      -120.6  -132.9  -143.0 |  -0.00002/ +0.00000 |   -128.1 |   112.2
 56  linear  1024  13.0 |      -128.0  -141.6  -143.0 |  -0.00001/ +0.00000 |   -128.1 |   224.2
 56 hermite    32  13.0 |      -128.2  -141.7  -142.9 |  -0.00000/ +0.00000 |   -128.1 |    14.4
 56 hermite    64  13.0 |      -128.2  -142.1  -143.2 |  -0.00000/ +0.00000 |   -128.1 |    28.4
 56 hermite   128  13.0 |      -128.2  -142.2  -142.9 |  -0.00000/ +0.00000 |   -128.1 |    56.4
 56  linear   256  14.0 |      -108.5  -120.5  -149.0 |  -0.00008/ +0.00000 |   -135.5 |    56.2
 56  linear   512  14.0 |      -121.4  -133.4  -149.2 |  -0.00002/ +0.00000 |   -135.5 |   112.2
 56  linear  1024  14.0 |      -134.1  -147.1  -149.2 |  -0.00001/ +0.00000 |   -135.5 |   224.2
 56 hermite    32  14.0 |      -135.3  -149.4  -149.3 |  -0.00000/ +0.00000 |   -135.5 |    14.4
 56 hermite    64  14.0 |      -135.5  -148.7  -149.2 |  -0.00000/ +0.00000 |   -135.5 |    28.4
 56 hermite   128  14.0 |      -135.5  -148.8  -149.1 |  -0.00000/ +0.00000 |   -135.5 |    56.4
 56  linear   256  16.0 |      -101.8  -120.5  -151.3 |  -0.00014/ +0.00000 |   -103.0 |    56.2
 56  linear   512  16.0 |      -102.8  -133.4  -151.5 |  -0.00008/ +0.00000 |   -103.0 |   112.2
 56  linear  1024  16.0 |      -102.9  -148.5  -151.6 |  -0.00007/ +0.00000 |   -103.0 |   224.2
 56 hermite    32  16.0 |      -102.9  -151.9  -151.9 |  -0.00006/ +0.00000 |   -103.0 |    14.4
 56 hermite    64  16.0 |      -102.9  -151.6  -151.6 |  -0.00006/ +0.00000 |   -103.0 |    28.4
 56 hermite   128  16.0 |      -102.9  -151.5  -151.5 |  -0.00006/ +0.00000 |   -103.0 |    56.4
 64  linear   256  10.0 |      -101.9  -116.8  -117.1 |  -0.00010/ +0.00003 |   -103.7 |    64.2
 64  linear   512  10.0 |      -102.9  -119.0  -117.1 |  -0.00004/ +0.00005 |   -103.7 |   128.2
 64  linear  1024  10.0 |      -102.9  -119.2  -117.1 |  -0.00003/ +0.00006 |   -103.7 |   256.2
 64 hermite    32  10.0 |      -102.9  -119.2  -117.2 |  -0.00002/ +0.00006 |   -103.7 |    16.5
 64 hermite    64  10.0 |      -102.9  -119.2  -117.2 |  -0.00002/ +0.00006 |   -103.7 |    32.5
 64 hermite   128  10.0 |      -102.9  -119.1  -117.1 |  -0.00002/ +0.00006 |   -103.7 |    64.5
 64  linear   256  12.0 |      -108.3  -120.4  -134.4 |  -0.00008/ +0.00000 |   -120.1 |    64.2
 64  linear   512  12.0 |      -118.0  -130.8  -134.3 |  -0.00003/ +0.00000 |   -120.1 |   128.2
 64  linear  1024  12.0 |      -120.1  -134.1  -134.3 |  -0.00001/ +0.00000 |   -120.1 |   256.2
 64 hermite    32  12.0 |      -120.1  -134.1  -134.3 |  -0.00001/ +0.00001 |   -120.1 |    16.5
 64 hermite    64  12.0 |      -120.2  -134.2  -134.5 |  -0.00001/ +0.00001 |   -120.1 |    32.5
 64 hermite   128  12.0 |      -120.2  -134.2  -134.4 |  -0.00001/ +0.00001 |   -120.1 |    64.5
 64  linear   256  13.0 |      -108.5  -120.5  -142.3 |  -0.00008/ +0.00000 |   -129.3 |    64.2
 64  linear   512  13.0 |      -121.0  -132.7  -142.5 |  -0.00002/ +0.00000 |   -129.3 |   128.2
 64  linear  1024  13.0 |      -128.8  -140.4  -142.6 |  -0.00001/ +0.00000 |   -129.3 |   256.2
 64 hermite    32  13.0 |      -129.1  -140.4  -142.5 |  -0.00000/ +0.00000 |   -129.3 |    16.5
 64 hermite    64  13.0 |      -129.1  -140.4  -142.4 |  -0.00000/ +0.00000 |   -129.3 |    32.5
 64 hermite   128  13.0 |      -129.1  -140.6  -142.4 |  -0.00000/ +0.00000 |   -129.3 |    64.5
 64  linear   256  14.0 |      -108.5  -120.5  -148.4 |  -0.00007/ +0.00000 |   -137.2 |    64.2
 64  linear   512  14.0 |      -121.3  -133.3  -148.6 |  -0.00002/ +0.00000 |   -137.2 |   128.2
 64  linear  1024  14.0 |      -134.9  -145.4  -148.6 |  -0.00001/ +0.00000 |   -137.2 |   256.2
 64 hermite    32  14.0 |      -136.5  -146.5  -148.7 |  -0.00000/ +0.00000 |   -137.2 |    16.5
 64 hermite    64  14.0 |      -136.7  -146.6  -148.8 |  -0.00000/ +0.00000 |   -137.2 |    32.5
 64 hermite   128  14.0 |      -136.8  -146.5  -148.9 |  -0.00000/ +0.00000 |   -137.2 |    64.5
 64  linear   256  16.0 |      -108.5  -120.5  -151.0 |  -0.00008/ +0.00000 |   -153.2 |    64.2
 64  linear   512  16.0 |      -121.4  -133.4  -151.4 |  -0.00002/ +0.00000 |   -153.2 |   128.2
 64  linear  1024  16.0 |      -139.1  -148.5  -151.5 |  -0.00001/ +0.00000 |   -153.2 |   256.2
 64 hermite    32  16.0 |      -145.8  -151.7  -151.6 |  -0.00000/ +0.00000 |   -153.2 |    16.5
 64 hermite    64  16.0 |      -149.0  -151.5  -151.4 |  -0.00000/ +0.00000 |   -153.2 |    32.5
 64 hermite   128  16.0 |      -149.1  -151.2  -151.4 |  -0.00000/ +0.00000 |   -153.2 |    64.5
 96  linear   256  10.0 |      -105.2  -119.7  -150.3 |  -0.00010/ +0.00002 |   -107.4 |    96.4
 96  linear   512  10.0 |      -107.3  -126.2  -150.9 |  -0.00004/ +0.00003 |   -107.4 |   192.4
 96  linear  1024  10.0 |      -107.5  -127.0  -150.8 |  -0.00003/ +0.00004 |   -107.4 |   384.4
 96 hermite    32  10.0 |      -107.5  -127.0  -150.7 |  -0.00002/ +0.00004 |   -107.4 |    24.8
 96 hermite    64  10.0 |      -107.5  -127.1  -150.9 |  -0.00002/ +0.00004 |   -107.4 |    48.8
 96 hermite   128  10.0 |      -107.5  -127.1  -150.6 |  -0.00002/ +0.00004 |   -107.4 |    96.8
 96  linear   256  12.0 |      -108.3  -120.5  -150.7 |  -0.00008/ +0.00000 |   -122.9 |    96.4
 96  linear   512  12.0 |      -118.8  -133.2  -151.1 |  -0.00002/ +0.00000 |   -122.9 |   192.4
 96  linear  1024  12.0 |      -122.1  -144.4  -151.3 |  -0.00001/ +0.00000 |   -122.9 |   384.4
 96 hermite    32  12.0 |      -122.1  -145.4  -151.5 |  -0.00000/ +0.00001 |   -122.9 |    24.8
 96 hermite    64  12.0 |      -122.1  -145.5  -151.7 |  -0.00000/ +0.00001 |   -122.9 |    48.8
 96 hermite   128  12.0 |      -122.1  -145.5  -151.5 |  -0.00000/ +0.00001 |   -122.9 |    96.8
 96  linear   256  13.0 |      -108.4  -120.5  -150.8 |  -0.00007/ +0.00000 |   -131.3 |    96.4
 96  linear   512  13.0 |      -121.0  -133.4  -151.5 |  -0.00002/ +0.00000 |   -131.3 |   192.4
 96  linear  1024  13.0 |      -130.1  -148.0  -151.4 |  -0.00001/ +0.00000 |   -131.3 |   384.4
 96 hermite    32  13.0 |      -130.6  -150.3  -150.9 |  -0.00000/ +0.00000 |   -131.3 |    24.8
 96 hermite    64  13.0 |      -130.7  -150.2  -151.1 |  -0.00000/ +0.00000 |   -131.3 |    48.8
 96 hermite   128  13.0 |      -130.7  -150.2  -151.5 |  -0.00000/ +0.00000 |   -131.3 |    96.8
 96  linear   256  14.0 |      -108.5  -120.5  -150.9 |  -0.00008/ +0.00000 |   -140.0 |    96.4
 96  linear   512  14.0 |      -121.4  -133.4  -151.3 |  -0.00002/ +0.00000 |   -140.0 |   192.4
 96  linear  1024  14.0 |      -136.3  -148.5  -151.3 |  -0.00001/ +0.00000 |   -140.0 |   384.4
 96 hermite    32  14.0 |      -138.9  -151.4  -151.4 |  -0.00000/ +0.00000 |   -140.0 |    24.8
 96 hermite    64  14.0 |      -139.3  -151.5  -151.5 |  -0.00000/ +0.00000 |   -140.0 |    48.8
 96 hermite   128  14.0 |      -139.1  -151.1  -151.3 |  -0.00000/ +0.00000 |   -140.0 |    96.8
 96  linear   256  16.0 |      -108.5  -120.5  -150.7 |  -0.00008/ +0.00000 |   -157.7 |    96.4
 96  linear   512  16.0 |      -121.4  -133.4  -151.3 |  -0.00002/ +0.00000 |   -157.7 |   192.4
 96  linear  1024  16.0 |      -139.2  -148.4  -151.3 |  -0.00001/ +0.00000 |   -157.7 |   384.4
 96 hermite    32  16.0 |      -146.1  -151.3  -151.7 |  -0.00000/ +0.00000 |   -157.7 |    24.8
 96 hermite    64  16.0 |      -150.1  -151.4  -151.6 |  -0.00000/ +0.00000 |   -157.7 |    48.8
 96 hermite   128  16.0 |      -150.2  -151.0  -150.8 |  -0.00000/ +0.00000 |   -157.7 |    96.8
