fs=44100 pass<=20000 stop>=24100 fc=fs/2
  T  interp     L  beta | THD+N worst    @10k     @1k |  passband min/max dB | stopband | table KiB
 64 hermite    32  10.0 |       -73.7  -113.3  -118.8 |  -0.00177/ +0.00011 |    -73.8 |    16.5
 64 hermite    32  12.0 |       -56.1  -129.0  -135.1 |  -0.01358/ +0.00001 |    -56.2 |    16.5
 64 hermite    32  13.0 |       -51.4  -137.7  -142.7 |  -0.02326/ +0.00000 |    -51.5 |    16.5
 64 hermite    32  14.0 |       -47.8  -145.2  -148.5 |  -0.03523/ +0.00000 |    -47.9 |    16.5
 64 hermite    32  16.0 |       -42.5  -151.3  -151.6 |  -0.06504/ +0.00000 |    -42.6 |    16.5
 96 hermite    32  10.0 |      -101.8  -122.6  -133.4 |  -0.00005/ +0.00008 |   -102.4 |    24.8
 96 hermite    32  12.0 |      -119.2  -138.2  -146.8 |  -0.00001/ +0.00001 |   -119.5 |    24.8
 96 hermite    32  13.0 |      -127.5  -145.5  -149.2 |  -0.00000/ +0.00000 |   -127.0 |    24.8
 96 hermite    32  14.0 |      -134.6  -149.8  -150.9 |  -0.00000/ +0.00000 |   -135.2 |    24.8
 96 hermite    32  16.0 |       -91.2  -151.3  -151.7 |  -0.00024/ +0.00000 |    -91.3 |    24.8
